1
1
2
2
2
3
3
3
4
5
6
7
8
9
10
10
11
11
12
12
12
13
13
14
14
15
15
16
16
17
18
19
19
19
20
21
21
22
23
23
23
23
23
23
23
23
24
25
26
26
27
27
27
27
27
27
28
29
30
31
31
32
32
33
33
34
34
34
34
34
34
35
36
37
38
40
42
43
44
44
45
46
46
47
48
49
50
51
52
53
54
54
54
54
54
54
55
55
55
55
56
56
56
57
57
58
58
59
60
61
62
63
64
64
64
65
65
65
66
66
67
68
69
70
71
71
71
71
72
73
73
74
74
74
74
76
76
77
79
79
79
80
82
84
84
84
85
87
88
88
89
89
89
91
91
95
95
95
96
98
99
100
100
103
103
105
106
106
106
107
107
108
108
110
112
112
113
114
118
118
118
122
122
128
128
130
132
133
133
135
135
136
138
139
140
141
142
142
143
144
144
145
146
146
147
147
148
150
151
151
151
152
156
157
158
158
158
159
160
161
161
162
162
164
166
166
167
167
167
168
170
170
173
175
176
176
178
179
179
181
182
185
186
187
188
188
189
190
191
191
192
192
193
195
196
198
200
201
201
203
204
204
204
206
207
207
208
209
209
209
209
211
212
212
213
214
215
216
217
218
218
219
219
219
220
220
221
221
221
222
225
225
227
227
227
228
234
234
236
236
237
237
238
240
244
244
245
246
247
247
248
248
250
252
253
254
255
255
257
257
258
258
261
261
262
262
264
264
264
269